0.0000000000 1.0000000000 1.0000000000 -246.0000000000 -324.0000000000
-20.3517935800 1.0640000020 1.0932000050 -134.7360020000 -252.9600000000
-40.7035876800 1.1280000020 1.1864000090 -23.0880022000 -184.6800000000
-61.0553822000 1.1920000000 1.2796000120 89.3279985400 -121.9200000000
-81.4071770600 1.2559999970 1.3728000160 202.8959995000 -67.4400000000
-101.7589722000 1.3199999930 1.4660000210 318.0000000000 -24.0000000000
-122.1107673000 1.3839999890 1.5592000250 434.8959995000 6.5600000000
-142.4625621000 1.4479999860 1.6524000290 553.3279985000 26.0800000000
-162.8143567000 1.5119999840 1.7456000320 672.9119978000 37.3200000000
-183.1661508000 1.5759999840 1.8388000360 793.2639980000 43.0400000000
-203.5179443000 1.6399999860 1.9320000410 914.0000000000 46.0000000000
