-0.0 -652.0 -302.0 1.0 1.0 
-8.26378 -493.742 -290.04200000000003 1.07615 1.07615 
-16.5276 -334.59799999999996 -287.90099999999995 1.1523 1.1523 
-24.7913 -175.86800000000005 -276.946 1.22845 1.22845 
-33.0551 -20.442999999999984 -243.99900000000002 1.3046 1.3046 
-41.3189 85.18000000000006 -198.05200000000002 1.38075 1.38075 
-49.5827 182.82999999999993 -136.86400000000003 1.4569 1.4569 
-57.8465 272.81999999999994 -64.83100000000002 1.53305 1.53305 
-66.1103 358.97 11.826999999999998 1.6091900000000001 1.6091900000000001 
-74.374 454.0 76.0 1.6853399999999998 1.6853399999999998 
